CATMULL_ROM
16
12

1.000 0.000
0.866 0.500
0.500 0.866
0.000 1.000
-0.500 0.866
-0.866 0.500
-1.000 0.000
-0.866 -0.500
-0.500 -0.866
0.000 -1.000
0.500 -0.866
0.866 -0.500
0.001
0 1 0 0
0 -1 0

1.000 0.000
0.866 0.500
0.500 0.866
0.000 1.000
-0.500 0.866
-0.866 0.500
-1.000 0.000
-0.866 -0.500
-0.500 -0.866
0.000 -1.000
0.500 -0.866
0.866 -0.500
0.5
0 1 0 0
0 -1 0

1.000 0.000
0.866 0.500
0.500 0.866
0.000 1.000
-0.500 0.866
-0.866 0.500
-1.000 0.000
-0.866 -0.500
-0.500 -0.866
0.000 -1.000
0.500 -0.866
0.866 -0.500
0.55
0 1 0 0
0 -0.5 0

1.000 0.000
0.866 0.500
0.500 0.866
0.000 1.000
-0.500 0.866
-0.866 0.500
-1.000 0.000
-0.866 -0.500
-0.500 -0.866
0.000 -1.000
0.500 -0.866
0.866 -0.500
0.6
0 1 0 0
0 0 0

1.000 0.000
0.866 0.500
0.500 0.866
0.000 1.000
-0.500 0.866
-0.866 0.500
-1.000 0.000
-0.866 -0.500
-0.500 -0.866
0.000 -1.000
0.500 -0.866
0.866 -0.500
0.5
0 1 0 0
0 0.1 0

1.000 0.000
0.866 0.500
0.500 0.866
0.000 1.000
-0.500 0.866
-0.866 0.500
-1.000 0.000
-0.866 -0.500
-0.500 -0.866
0.000 -1.000
0.500 -0.866
0.866 -0.500
0.75
0 1 0 0
0 0.5 0

1.000 0.000
0.866 0.500
0.500 0.866
0.000 1.000 
-0.500 0.866
-0.866 0.500
-1.000 0.000
-0.866 -0.500
-0.500 -0.866
0.000 -1.000
0.500 -0.866
0.866 -0.500
0.9
0 1 0 0
0 0.65 0

1.000 0.000
0.866 0.500
0.500 0.866
0.000 1.000
-0.500 0.866
-0.866 0.500
-1.000 0.000
-0.866 -0.500
-0.500 -0.866
0.000 -1.000
0.500 -0.866
0.866 -0.500
0.6
0 1 0 0
0 0.5 0

1.000 0.000
0.634 0.366
0.500 0.866
0.000 0.732
-0.500 0.866
-0.634 0.366
-1.000 0.000
-0.634 -0.366
-0.500 -0.866
0.000 -0.732
0.500 -0.866
0.634 -0.366
1.2
0.6 0 1 0
0 0.85 0

1.000 0.000
0.634 0.366
0.500 0.866
0.000 0.732
-0.500 0.866
-0.634 0.366
-1.000 0.000
-0.634 -0.366
-0.500 -0.866
0.000 -0.732
0.500 -0.866
0.634 -0.366
0.8
1.6 0 1 0
0 1.2 0

1.000 0.000
0.634 0.366
0.500 0.866
0.000 0.732
-0.500 0.866
-0.634 0.366
-1.000 0.000
-0.634 -0.366
-0.500 -0.866
0.000 -0.732
0.500 -0.866
0.634 -0.366
1
1.3 0 1 0
0 1.4 0

1.000 0.000
0.634 0.366
0.500 0.866
0.000 0.732
-0.500 0.866
-0.634 0.366
-1.000 0.000
-0.634 -0.366
-0.500 -0.866
0.000 -0.732
0.500 -0.866
0.634 -0.366
0.6
0.6 0 1 0
0 1.7 0

1.000 0.000
0.634 0.366
0.500 0.866
0.000 0.732
-0.500 0.866
-0.634 0.366
-1.000 0.000
-0.634 -0.366
-0.500 -0.866
0.000 -0.732
0.500 -0.866
0.634 -0.366
0.7
0.9 0 1 0
0 1.85 0

1.000 0.000
0.634 0.366
0.500 0.866
0.000 0.732
-0.500 0.866
-0.634 0.366
-1.000 0.000
-0.634 -0.366
-0.500 -0.866
0.000 -0.732
0.500 -0.866
0.634 -0.366
0.5
1.9 0 1 0
0 2.2 0

1.000 0.000
0.634 0.366
0.500 0.866
0.000 0.732
-0.500 0.866
-0.634 0.366
-1.000 0.000
-0.634 -0.366
-0.500 -0.866
0.000 -0.732
0.500 -0.866
0.634 -0.366
0.3
1 0 1 0
0 2.65 0

0.500 0.000
0.317 0.183
0.250 0.433
0.000 0.366
-0.250 0.433
-0.317 0.183
-0.500 0.000
-0.317 -0.183
-0.250 -0.433
0.000 -0.366
0.250 -0.433
0.317 -0.183
0.05
1.2 0 0 1
0.3 3.05 0